1721056479566 0.23904964327812195 0
1721056479879 0.1875 1
1721056588953 0.24790719151496887 2
1721056589107 0.3125 3
1721056686408 0.25697314739227295 4
1721056686551 0.21875 5
1721056783455 0.26517072319984436 6
1721056783607 0.34375 7
1721056885625 0.27989858388900757 8
1721056885855 0.15625 9
1721056992948 0.30268505215644836 10
1721056993126 0.3125 11
1721057091545 0.3271040916442871 12
1721057091691 0.375 13
1721057197334 0.3483969569206238 14
1721057197589 0.34375 15
1721057325020 0.3668067753314972 16
1721057325203 0.5 17
1721057452266 0.3812219798564911 18
1721057452520 0.4375 19
1721057594517 0.39122581481933594 20
1721057594726 0.40625 21
1721057750680 0.4047379195690155 22
1721057750877 0.375 23
1721057879167 0.4119628965854645 24
1721057879338 0.375 25
1721057984541 0.418562650680542 26
1721057984696 0.3125 27
1721058091559 0.4324568510055542 28
1721058091709 0.59375 29
1721058246324 0.4353051483631134 30
1721058246500 0.5625 31
1721058417886 0.4408280849456787 32
1721058418101 0.40625 33
1721058561998 0.4491298794746399 34
1721058562209 0.53125 35
1721058732244 0.45645907521247864 36
1721058732577 0.3125 37
1721058953154 0.45552119612693787 38
1721058953593 0.5 39
1721059107653 0.461669385433197 40
1721059107911 0.46875 41
1721059234206 0.4651776850223541 42
1721059234493 0.5 43
1721059363330 0.47226372361183167 44
1721059363574 0.34375 45
1721059487811 0.47410470247268677 46
1721059488023 0.46875 47
1721059612183 0.4834485352039337 48
1721059612405 0.46875 49
