1721056479566 1.8280540704727173 0
1721056479879 1.780846118927002 1
1721056588953 1.8011778593063354 2
1721056589107 1.7545886039733887 3
1721056686408 1.7867001295089722 4
1721056686551 1.7595528364181519 5
1721056783455 1.7681657075881958 6
1721056783607 1.757049798965454 7
1721056885625 1.7472494840621948 8
1721056885855 1.8042030334472656 9
1721056992948 1.7172073125839233 10
1721056993126 1.638091802597046 11
1721057091545 1.6775906085968018 12
1721057091691 1.5923750400543213 13
1721057197334 1.636531949043274 14
1721057197589 1.5292491912841797 15
1721057325020 1.6045286655426025 16
1721057325203 1.3891172409057617 17
1721057452266 1.5763660669326782 18
1721057452520 1.535172939300537 19
1721057594517 1.5576961040496826 20
1721057594726 1.549025297164917 21
1721057750680 1.524649977684021 22
1721057750877 1.6344932317733765 23
1721057879167 1.5112557411193848 24
1721057879338 1.6034581661224365 25
1721057984541 1.4961695671081543 26
1721057984696 1.6777794361114502 27
1721058091559 1.4764518737792969 28
1721058091709 1.404623031616211 29
1721058246324 1.4638622999191284 30
1721058246500 1.300209641456604 31
1721058417886 1.4465763568878174 32
1721058418101 1.5691468715667725 33
1721058561998 1.4354832172393799 34
1721058562209 1.2029445171356201 35
1721058732244 1.4207878112792969 36
1721058732577 1.4654853343963623 37
1721058953154 1.4137545824050903 38
1721058953593 1.390779733657837 39
1721059107653 1.399344563484192 40
1721059107911 1.34840726852417 41
1721059234206 1.3890711069107056 42
1721059234493 1.4740502834320068 43
1721059363330 1.3855959177017212 44
1721059363574 1.4810187816619873 45
1721059487811 1.3703469038009644 46
1721059488023 1.2353078126907349 47
1721059612183 1.3575340509414673 48
1721059612405 1.2315869331359863 49
