1721061982427 0.23359616100788116 0
1721061982562 0.15625 1
1721062072994 0.24551044404506683 2
1721062073069 0.3125 3
1721062133669 0.24422521889209747 4
1721062133735 0.1875 5
1721062182424 0.2530827820301056 6
1721062182485 0.28125 7
1721062228318 0.25471535325050354 8
1721062228378 0.25 9
1721062274570 0.2590225338935852 10
1721062274636 0.0625 11
1721062323938 0.2597867250442505 12
1721062324018 0.21875 13
1721062415185 0.2643718123435974 14
1721062415268 0.28125 15
1721062497416 0.27111050486564636 16
1721062497526 0.1875 17
1721062563872 0.268991619348526 18
1721062563960 0.25 19
1721062644170 0.27281254529953003 20
1721062644250 0.125 21
1721062709695 0.27639028429985046 22
1721062709790 0.1875 23
1721062766831 0.2796206772327423 24
1721062766896 0.25 25
1721062831921 0.2831636965274811 26
1721062831987 0.28125 27
1721062890494 0.28142693638801575 28
1721062890555 0.34375 29
1721062938470 0.28611621260643005 30
1721062938564 0.25 31
1721062986910 0.29028448462486267 32
1721062986973 0.40625 33
1721063034693 0.29014554619789124 34
1721063034772 0.375 35
1721063083231 0.30195561051368713 36
1721063083296 0.3125 37
1721063141073 0.2968842387199402 38
1721063141168 0.28125 39
1721063219053 0.29733577370643616 40
1721063219131 0.25 41
1721063284232 0.30237242579460144 42
1721063284344 0.34375 43
1721063343589 0.3044913113117218 44
1721063343670 0.21875 45
1721063406460 0.30820798873901367 46
1721063406546 0.3125 47
1721063469019 0.3093542754650116 48
1721063469105 0.375 49
