1721061982427 1.8359137773513794 0
1721061982562 1.8723626136779785 1
1721062072994 1.8092968463897705 2
1721062073069 1.7928416728973389 3
1721062133669 1.8001017570495605 4
1721062133735 1.7749083042144775 5
1721062182424 1.7889435291290283 6
1721062182485 1.8099013566970825 7
1721062228318 1.78583562374115 8
1721062228378 1.7924631834030151 9
1721062274570 1.7809699773788452 10
1721062274636 1.794632911682129 11
1721062323938 1.7774375677108765 12
1721062324018 1.839797019958496 13
1721062415185 1.7739533185958862 14
1721062415268 1.7252180576324463 15
1721062497416 1.766879916191101 16
1721062497526 1.797022819519043 17
1721062563872 1.765329360961914 18
1721062563960 1.7666263580322266 19
